10010
11011
10110
11011
10110
10011
11000
11001
11011
10111
11001
10111
11011
11101
10100
11000
11010
10100
10100
11010
11101
11111
11111
11000
10111
11001
11000
10110
11000
10111
11010
11010
10010
10001
00010
00000
10010
10010
10001
10010
00000
10010
10110
10010
00000
10001
00010
10011
10010
00000
10010
10010
00000
10100
00000
00000
00000
00000
00000
10010
10010
10010
10011
10011
10011
11010
11000
00000
10001
10001
10010
00001
10100
10010
10100
10001
00110
10100
00000
10011
00000
00000
10001
00000
10111
10100
10100
00000
10101
00000
11000
10110
10100
10100
10010
11011
00000
00000
10001
10001
10001
00000
10001
00000
10011
00000
00000
10001
10001
00000
10001
10001
00001
10010
10011
00000
00000
00000
00000
10010
10001
10001
10011
00000
00000
00000
00000
00000
00000
00000
10001
00000
00000
10001
00000
00000
00000
10010
00000
00000
10001
10001
10001
00000
00000
10001
00000
00000
00000
10001
00000
10001
00000
10010
10001
00000
00000
10001
00000
00001
10001
00000
10010
00000
00000
10010
10010
00000
00000
00000
00000
00000
00000
00000
00000
00000
10001
00000
00000
00000
00000
10001
00000
00010
00000
10001
00000
10100
00000
00000
00000
10011
10001
10001
00000
00000
10001
10010
10001
00000
00000
10011
00000
10001
00000
00000
10100
00000
10100
00000
00000
10011
00001
00000
00000
10010
00000
00000
10001
10001
00000
10001
00000
00000
00000
00000
00000
00000
00000
10001
00000
00000
10001
10001
00000
00000
00000
10001
00000
00000
10001
00000
10001
00000
00000
00000
00000
10001
00000
00000
00000
00000
00000
00000
00000
00000
10001
00000
10011
00000
10001
10001
00000
00000
10010
00000
00000
00000
00000
00000
00000
00000
00000
00000
00000
00000
00000
00000
00000
00000
00000
00000
00000
10001
10001
10001
00000
00000
00000
00000
00000
00000
00000
00000
00000
10010
10001
10001
00001
10001
00000
10001
00000
00000
00000
00000
00000
00000
00000
00000
00000
00000
10001
00000
00000
00000
10001
00000
00000
10001
00000
00000
00000
00000
00000
00000
00000
00000
00000
00000
00000
00000
00000
10011
10010
10010
10001
00000
00000
10001
00000
00000
00000
00000
00000
00000
10001
00001
00000
00000
00000
00000
00000
00000
00000
10001
00000
00000
00000
00000
00000
00000
00000
00000
00000
00000
00000
10001
10001
00000
10001
00000
00000
00000
10001
00000
00000
00001
00000
10001
00000
00000
00000
00000
00000
00000
00000
00000
00000
10001
00000
00000
00000
00000
00000
10001
00000
00000
00000
00000
00000
00000
10001
00000
00000
00000
10001
00000
10010
10001
00000
10001
00000
00000
00000
00000
00000
00000
00000
00000
00000
00000
00000
10010
00000
00000
00000
00000
00000
00000
10010
10001
00000
10001
00000
00000
00000
00000
00000
00000
00000
00000
10001
10001
10011
00000
00000
00000
00000
10001
00000
00000
00000
00000
00000
00000
00000
00000
00000
10001
00000
00000
10010
00000
00000
00000
00000
00000
00000
00000
00000
00000
00000
00000
00000
00000
00000
00000
00000
00000
