00000
00000
00000
00000
00000
00000
00000
00000
00000
00000
00000
00000
00000
00000
00000
00000
00000
00000
00000
00000
00000
00000
00000
00000
00000
00000
00000
00000
00000
00000
00000
00000
00000
00000
00000
00000
00000
00000
00000
00000
00000
00000
00000
00000
00000
00000
00000
00000
00000
00000
00000
00000
00000
00000
00000
00000
00000
00000
00000
00000
00000
00000
00000
00000
00000
00000
11111
11111
11111
11111
11111
11111
11111
11111
11111
11111
11111
11111
11111
11111
11111
11111
11111
11111
11111
11111
11111
11111
11111
11111
11111
11111
11111
11111
00000
00000
00000
00000
11111
11111
11111
11111
11111
11111
11111
11111
11111
11111
11111
11111
11111
11111
11111
11111
11111
11111
11111
11111
11111
11111
11111
11111
11111
11111
11111
11111
00000
00000
00000
00000
11111
11111
11111
11111
11111
11111
11111
11111
11111
11111
11111
11111
11111
11111
11111
11111
11111
11111
11111
11111
11111
11111
11111
11111
11111
11111
11111
11111
00000
00000
00000
00000
11111
11111
11111
11111
11111
11111
11111
11111
11111
11111
11111
11111
11111
11111
11111
11111
11111
11111
11111
11111
11111
11111
11111
11111
11111
11111
11111
11111
00000
00000
00000
00000
11111
11111
11111
11111
11111
11111
11111
11111
11111
11111
11111
11111
11111
11111
11111
11111
11111
11111
11111
11111
11111
11111
11111
11111
11111
11111
11111
11111
00000
00000
00000
00000
11111
11111
11111
11111
11111
11111
11111
11111
11111
11111
11111
11111
11111
11101
11101
11101
00000
00001
00101
11100
00100
01111
01110
00000
11111
11111
11111
11111
00000
00000
00000
00000
11111
11111
11111
11111
11111
11111
11111
11111
11100
11011
10100
00011
00101
01111
01111
01111
01111
01111
01100
00101
01111
01110
01000
11000
11111
11111
11111
11111
00000
00000
00000
00000
11111
11111
11111
11111
11111
11111
11111
11001
01101
01111
01111
01111
01111
01111
01111
01111
01111
01111
10100
10101
10101
11001
11011
11111
11111
11111
11111
11111
00000
00000
00000
00000
11111
11111
11111
11111
11111
11111
11111
11101
01011
01111
01111
01111
01111
01111
01000
00110
01110
01110
11111
11111
11111
11111
11111
11111
11111
11111
11111
11111
00000
00000
00000
00000
11111
11111
11111
11111
11111
11111
11111
11111
10110
00011
10010
01111
01111
01001
11110
11111
11010
00011
11111
11111
11111
11111
11111
11111
11111
11111
11111
11111
00000
00000
00000
00000
11111
11111
11111
11111
11111
11111
11111
11111
11111
11110
11111
00011
01111
10100
11111
11111
11111
11111
11111
11111
11111
11111
11111
11111
11111
11111
11111
11111
00000
00000
00000
00000
11111
11111
11111
11111
11111
11111
11111
11111
11111
11111
11111
00001
01111
00111
11111
11111
11111
11111
11111
11111
11111
11111
11111
11111
11111
11111
11111
11111
00000
00000
00000
00000
11111
11111
11111
11111
11111
11111
11111
11111
11111
11111
11111
11110
00111
01111
10111
11111
11111
11111
11111
11111
11111
11111
11111
11111
11111
11111
11111
11111
00000
00000
00000
00000
11111
11111
11111
11111
11111
11111
11111
11111
11111
11111
11111
11111
11011
01110
01100
00100
10010
11111
11111
11111
11111
11111
11111
11111
11111
11111
11111
11111
00000
00000
00000
00000
11111
11111
11111
11111
11111
11111
11111
11111
11111
11111
11111
11111
11111
10101
01110
01111
01111
10001
11100
11111
11111
11111
11111
11111
11111
11111
11111
11111
00000
00000
00000
00000
11111
11111
11111
11111
11111
11111
11111
11111
11111
11111
11111
11111
11111
11111
11010
00111
01111
01111
00010
11100
11111
11111
11111
11111
11111
11111
11111
11111
00000
00000
00000
00000
11111
11111
11111
11111
11111
11111
11111
11111
11111
11111
11111
11111
11111
11111
11111
11110
10100
01111
01111
00111
11111
11111
11111
11111
11111
11111
11111
11111
00000
00000
00000
00000
11111
11111
11111
11111
11111
11111
11111
11111
11111
11111
11111
11111
11111
11111
11111
11111
11111
01111
01111
01111
11000
11111
11111
11111
11111
11111
11111
11111
00000
00000
00000
00000
11111
11111
11111
11111
11111
11111
11111
11111
11111
11111
11111
11111
11111
11111
11010
00000
00110
01111
01111
01001
11111
11111
11111
11111
11111
11111
11111
11111
00000
00000
00000
00000
11111
11111
11111
11111
11111
11111
11111
11111
11111
11111
11111
11111
11011
00010
01100
01111
01111
01111
01111
00110
11111
11111
11111
11111
11111
11111
11111
11111
00000
00000
00000
00000
11111
11111
11111
11111
11111
11111
11111
11111
11111
11111
11101
10001
01011
01111
01111
01111
01111
01001
10110
11111
11111
11111
11111
11111
11111
11111
11111
11111
00000
00000
00000
00000
11111
11111
11111
11111
11111
11111
11111
11111
11101
10111
01010
01111
01111
01111
01111
01000
10101
11111
11111
11111
11111
11111
11111
11111
11111
11111
11111
11111
00000
00000
00000
00000
11111
11111
11111
11111
11111
11111
11101
00101
01011
01111
01111
01111
01111
01000
10110
11110
11111
11111
11111
11111
11111
11111
11111
11111
11111
11111
11111
11111
00000
00000
00000
00000
11111
11111
11111
11111
11001
00101
01100
01111
01111
01111
01111
01110
00000
11110
11111
11111
11111
11111
11111
11111
11111
11111
11111
11111
11111
11111
11111
11111
00000
00000
00000
00000
11111
11111
11111
11111
00001
01111
01111
01111
01010
00000
00000
11110
11111
11111
11111
11111
11111
11111
11111
11111
11111
11111
11111
11111
11111
11111
11111
11111
00000
00000
00000
00000
11111
11111
11111
11111
11111
11111
11111
11111
11111
11111
11111
11111
11111
11111
11111
11111
11111
11111
11111
11111
11111
11111
11111
11111
11111
11111
11111
11111
00000
00000
00000
00000
11111
11111
11111
11111
11111
11111
11111
11111
11111
11111
11111
11111
11111
11111
11111
11111
11111
11111
11111
11111
11111
11111
11111
11111
11111
11111
11111
11111
00000
00000
00000
00000
11111
11111
11111
11111
11111
11111
11111
11111
11111
11111
11111
11111
11111
11111
11111
11111
11111
11111
11111
11111
11111
11111
11111
11111
11111
11111
11111
11111
00000
00000
00000
00000
00000
00000
00000
00000
00000
00000
00000
00000
00000
00000
00000
00000
00000
00000
00000
00000
00000
00000
00000
00000
00000
00000
00000
00000
00000
00000
00000
00000
00000
00000
00000
00000
00000
00000
00000
00000
00000
00000
00000
00000
00000
00000
00000
00000
00000
00000
00000
00000
00000
00000
00000
00000
00000
00000
00000
00000
00000
00000
00000
00000
00000
00000
