00000
00000
00000
00000
00000
00000
00000
00000
00000
00000
00000
00000
00000
00000
00000
00000
00000
00000
00000
00000
00000
00000
00000
00000
00000
00000
00000
00000
00000
00000
00000
00000
00000
00000
00000
00000
00000
00000
00000
00000
00000
00000
00000
00000
00000
00000
00000
00000
00000
00000
00000
00000
00000
00000
00000
00000
00000
00000
00000
00000
00000
00000
00000
00000
00000
00000
11111
11111
11111
11111
11111
11111
11111
11111
11111
11111
11111
11111
11111
11111
11111
11111
11111
11111
11111
11111
11111
11111
11111
11111
11111
11111
11111
11111
00000
00000
00000
00000
11111
11111
11111
11111
11111
11111
11111
11111
11111
11111
11111
11111
11111
11111
11111
11111
11111
11111
11111
11111
11111
11111
11111
11111
11111
11111
11111
11111
00000
00000
00000
00000
11111
11111
11111
11111
11111
11111
11111
11111
11111
11111
11111
11111
11111
11111
11111
11111
11111
11111
11111
11111
11111
11111
11111
11111
11111
11111
11111
11111
00000
00000
00000
00000
11111
11111
11111
11111
11111
11111
11111
11111
11111
11111
11111
11111
11111
11111
11111
11111
11111
11111
11111
11111
11111
11111
11111
11111
11111
11111
11111
11111
00000
00000
00000
00000
11111
11111
11111
11111
11111
11111
11111
11111
11111
11111
11111
11111
11111
11111
11111
11111
11111
11111
11111
11111
11111
11111
11111
11111
11111
11111
11111
11111
00000
00000
00000
00000
11111
11111
11111
11111
11111
11111
11111
11111
11111
11111
11111
11111
11111
11111
11111
11111
11111
11111
11111
11111
11111
11111
11111
11111
11111
11111
11111
11111
00000
00000
00000
00000
11111
11111
11111
11111
11111
11111
11111
11111
11111
11111
11111
11111
11111
11111
11111
11111
11111
11111
11111
11111
11111
11111
11111
11111
11111
11111
11111
11111
00000
00000
00000
00000
11111
11111
11111
11111
11111
11111
10101
00111
00011
00010
11000
11011
11111
11111
11111
11111
11111
11111
11111
11111
11111
11111
11111
11111
11111
11111
11111
11111
00000
00000
00000
00000
11111
11111
11111
11111
11111
11111
01011
01111
01111
01111
01111
01110
01000
01000
01000
01000
01000
01000
01000
01000
00101
11001
11111
11111
11111
11111
11111
11111
00000
00000
00000
00000
11111
11111
11111
11111
11111
11111
10111
10001
10111
10001
00100
01100
01111
01100
01111
01111
01111
01111
01100
01111
01111
00001
11111
11111
11111
11111
11111
11111
00000
00000
00000
00000
11111
11111
11111
11111
11111
11111
11111
11111
11111
11111
11111
11101
10111
11110
10111
10111
10111
11000
11101
01101
01111
10010
11111
11111
11111
11111
11111
11111
00000
00000
00000
00000
11111
11111
11111
11111
11111
11111
11111
11111
11111
11111
11111
11111
11111
11111
11111
11111
11111
11111
10101
01111
01010
11101
11111
11111
11111
11111
11111
11111
00000
00000
00000
00000
11111
11111
11111
11111
11111
11111
11111
11111
11111
11111
11111
11111
11111
11111
11111
11111
11111
11101
01101
01111
10101
11111
11111
11111
11111
11111
11111
11111
00000
00000
00000
00000
11111
11111
11111
11111
11111
11111
11111
11111
11111
11111
11111
11111
11111
11111
11111
11111
11111
00000
01111
01101
11010
11111
11111
11111
11111
11111
11111
11111
00000
00000
00000
00000
11111
11111
11111
11111
11111
11111
11111
11111
11111
11111
11111
11111
11111
11111
11111
11111
11000
01111
01111
11000
11111
11111
11111
11111
11111
11111
11111
11111
00000
00000
00000
00000
11111
11111
11111
11111
11111
11111
11111
11111
11111
11111
11111
11111
11111
11111
11111
11111
00000
01111
00111
11111
11111
11111
11111
11111
11111
11111
11111
11111
00000
00000
00000
00000
11111
11111
11111
11111
11111
11111
11111
11111
11111
11111
11111
11111
11111
11111
11111
11110
01001
01111
11000
11111
11111
11111
11111
11111
11111
11111
11111
11111
00000
00000
00000
00000
11111
11111
11111
11111
11111
11111
11111
11111
11111
11111
11111
11111
11111
11111
11111
00000
01111
00110
11111
11111
11111
11111
11111
11111
11111
11111
11111
11111
00000
00000
00000
00000
11111
11111
11111
11111
11111
11111
11111
11111
11111
11111
11111
11111
11111
11111
10110
01111
01110
11000
11111
11111
11111
11111
11111
11111
11111
11111
11111
11111
00000
00000
00000
00000
11111
11111
11111
11111
11111
11111
11111
11111
11111
11111
11111
11111
11111
11101
01011
01111
00100
11111
11111
11111
11111
11111
11111
11111
11111
11111
11111
11111
00000
00000
00000
00000
11111
11111
11111
11111
11111
11111
11111
11111
11111
11111
11111
11111
11111
01001
01111
01011
11011
11111
11111
11111
11111
11111
11111
11111
11111
11111
11111
11111
00000
00000
00000
00000
11111
11111
11111
11111
11111
11111
11111
11111
11111
11111
11111
11111
11011
01111
01111
10110
11111
11111
11111
11111
11111
11111
11111
11111
11111
11111
11111
11111
00000
00000
00000
00000
11111
11111
11111
11111
11111
11111
11111
11111
11111
11111
11111
11100
01100
01111
10001
11111
11111
11111
11111
11111
11111
11111
11111
11111
11111
11111
11111
11111
00000
00000
00000
00000
11111
11111
11111
11111
11111
11111
11111
11111
11111
11111
11111
00000
01111
01111
11001
11111
11111
11111
11111
11111
11111
11111
11111
11111
11111
11111
11111
11111
00000
00000
00000
00000
11111
11111
11111
11111
11111
11111
11111
11111
11111
11111
11000
01110
01111
01111
11001
11111
11111
11111
11111
11111
11111
11111
11111
11111
11111
11111
11111
11111
00000
00000
00000
00000
11111
11111
11111
11111
11111
11111
11111
11111
11111
11111
00000
01111
01111
01011
11011
11111
11111
11111
11111
11111
11111
11111
11111
11111
11111
11111
11111
11111
00000
00000
00000
00000
11111
11111
11111
11111
11111
11111
11111
11111
11111
11111
00000
01111
01001
11101
11111
11111
11111
11111
11111
11111
11111
11111
11111
11111
11111
11111
11111
11111
00000
00000
00000
00000
11111
11111
11111
11111
11111
11111
11111
11111
11111
11111
11111
11111
11111
11111
11111
11111
11111
11111
11111
11111
11111
11111
11111
11111
11111
11111
11111
11111
00000
00000
00000
00000
00000
00000
00000
00000
00000
00000
00000
00000
00000
00000
00000
00000
00000
00000
00000
00000
00000
00000
00000
00000
00000
00000
00000
00000
00000
00000
00000
00000
00000
00000
00000
00000
00000
00000
00000
00000
00000
00000
00000
00000
00000
00000
00000
00000
00000
00000
00000
00000
00000
00000
00000
00000
00000
00000
00000
00000
00000
00000
00000
00000
00000
00000
