00000
00000
10001
10001
10001
00000
10001
00000
10011
00000
00000
10001
10001
00000
10001
10001
00001
10010
10011
00000
00000
00000
00000
10010
10001
10001
10011
00000
00000
00000
00000
00000
00000
00000
10001
00000
00000
10001
00000
00000
00000
10010
00000
00000
10001
10001
10001
00000
00000
10001
00000
00000
00000
10001
00000
10001
00000
10010
10001
00000
00000
10001
00000
00001
10001
00000
10010
00000
00000
10010
10010
00000
00000
00000
00000
00000
00000
00000
00000
00000
10001
00000
00000
00000
00000
10001
00000
00010
00000
10001
00000
10100
00000
00000
00000
10011
10001
10001
00000
00000
10001
10010
10001
00000
00000
10011
00000
10001
00000
00000
10100
00000
10100
00000
00000
10011
00001
00000
00000
10010
00000
00000
10001
10001
00000
10001
00000
00000
