0
0
0
0
0
0
0
0
0
0
10110
00110
11010
11000
10100
11000
00000
00000
01010
10010
11100
01000
10100
10100
10100
10100
00000
00000
11000
01000
00000
01000
00000
00000
10010
00110
00110
01000
00110
10100
00000
00000
00010
11000
10010
10100
00000
01000
00000
00000
11010
10010
01010
10100
10100
11000
00000
00000
11000
10110
01000
10100
00000
00110
00000
00000
01010
00110
11000
00110
10010
00100
00000
00000
10110
10010
00000
00000
00110
00000
00000
00000
00000
10010
00110
11000
00100
10100
00000
00000
10110
00000
10100
01000
10100
10110
01000
11000
00100
10100
00100
00000
10110
00000
10110
11100
01000
00000
00000
10110
01000
10100
00110
00000
10100
00000
10010
10110
00000
10100
00110
01010
00110
00000
00010
01000
10010
01100
10110
10010
00000
00000
10010
10100
11000
11000
10110
01100
01000
00000
00000
01000
10100
10110
10010
10010
10100
00010
00110
11000
00110
01000
10100
10100
10010
00000
10010
10010
00110
10010
00110
00000
11010
00000
00100
00000
00110
01010
00000
01010
11110
10110
11000
10110
10110
10110
10010
00000
10010
00000
00000
11010
01000
01010
11010
10010
00110
00000
00000
10100
00000
10110
00000
00000
01010
00000
01000
10010
00000
10110
00000
00000
01000
00010
10110
01010
10010
00100
00010
00000
11010
00000
01000
10110
10100
11000
00010
00000
11000
00000
10100
10100
10010
11010
00000
00000
01010
00010
01000
00110
00110
00010
00010
00000
10100
00000
00000
00110
00110
00000
00000
00000
00000
00000
10100
01000
10100
01010
00010
00000
10110
10110
10010
10110
00000
00000
11000
01000
10100
00000
11000
00010
10110
11000
00110
11000
00000
00110
00000
00000
00000
10100
10010
00000
00000
00000
00000
00000
00000
10100
00110
10100
00110
00000
00010
00010
00000
00110
10010
10010
01000
00000
00000
00000
00000
00110
10010
10010
00000
01000
00000
00000
00000
01000
00110
01000
10010
10010
00010
00010
00010
10100
10010
10110
00110
00000
00000
10010
00000
00100
00100
00100
10010
10100
00010
00010
00010
10100
10110
10100
